{
 "templeR0032": [
  [
   1.0,
   0.0,
   0.0,
   0.0
  ],
  [
   0.0,
   1.0,
   0.0,
   0.0
  ],
  [
   0.0,
   0.0,
   1.0,
   0.0
  ]
 ],
 "templeR0047": [
  [
   0.9999595522983912,
   -0.008229416630065808,
   -0.003629114097185536,
   0.031151734133296385
  ],
  [
   0.0077667633785406046,
   0.9935666700213425,
   -0.1129820764958869,
   0.9974950524941611
  ],
  [
   0.00453554338788272,
   0.11294932016010387,
   0.9935903984648538,
   0.0635073988615445
  ]
 ],
 "templeR0033": [
  [
   0.9969607647985959,
   -0.0005059521938330491,
   0.0779036421778629,
   -0.6805520424341218
  ],
  [
   -0.011256096409507012,
   0.988550719086824,
   0.15046852191253537,
   -1.335648955394018
  ],
  [
   -0.07708783137317347,
   -0.1508881035910413,
   0.9855405858963295,
   0.0712821077838779
  ]
 ],
 "templeR0034": [
  [
   0.9974622956687583,
   0.004774917446020153,
   0.07103639125542778,
   -0.6171665054118285
  ],
  [
   -0.023975077007931063,
   0.9620031137425505,
   0.271983831931424,
   -2.436942385218445
  ],
  [
   -0.06703852923263083,
   -0.27299672033381833,
   0.9596763132876129,
   0.27855834103596727
  ]
 ],
 "templeR0035": [
  [
   0.998880611492997,
   0.023224096356613544,
   0.04120880163017615,
   -0.3584493492935311
  ],
  [
   -0.0372923149632606,
   0.9225755861394819,
   0.38400985808188887,
   -3.456181547255786
  ],
  [
   -0.029099952372082127,
   -0.38511677346982714,
   0.9224089459475837,
   0.6090666687502688
  ]
 ],
 "templeR0036": [
  [
   0.9985577094042126,
   0.03888277329769625,
   0.03702203303564025,
   -0.32181535813767936
  ],
  [
   -0.052295918775098704,
   0.8604745359987697,
   0.5068024366330242,
   -4.567214183744508
  ],
  [
   -0.012150632447751723,
   -0.5080075814772671,
   0.861266892021711,
   1.1192199423793256
  ]
 ],
 "templeR0046": [
  [
   -0.9971499841893993,
   0.00031002761063460803,
   -0.0754441045672978,
   0.655230788067152
  ],
  [
   -0.01957006351129105,
   -0.9668258017383753,
   0.2546858490515554,
   -2.2721282073366695
  ],
  [
   -0.07286234723946763,
   0.2554364362729567,
   0.9640764001773546,
   -17.049165685925253
  ]
 ],
 "templeR0045": [
  [
   -0.9958337300580818,
   -0.021335092672444732,
   -0.08865661791014565,
   0.7808637636341403
  ],
  [
   0.0002534120765464269,
   -0.9728877555983027,
   0.23127764870219686,
   -2.0946742007580275
  ],
  [
   -0.09118726808566438,
   0.23029161692852718,
   0.968839849155431,
   -17.340303384465596
  ]
 ],
 "templeR0044": [
  [
   -0.9943882505057317,
   -0.048779188957390585,
   -0.0938754386450966,
   0.8493859253057046
  ],
  [
   0.028520215028168205,
   -0.9781075890075602,
   0.20613622112710966,
   -1.9015841102314242
  ],
  [
   -0.10187543664150432,
   0.20230208859642745,
   0.9740098871975714,
   -17.613867204871582
  ]
 ],
 "templeR0037": [
  [
   0.9977665441753558,
   0.051996574402645476,
   0.041931844399666074,
   -0.3658766091017744
  ],
  [
   -0.06678360456970378,
   0.7893809536279244,
   0.6102603216744032,
   -5.508928777135009
  ],
  [
   -0.0013687530986606668,
   -0.611697691919676,
   0.7910904248030663,
   1.7447563351068358
  ]
 ],
 "templeR0038": [
  [
   0.9966060320112256,
   0.06666587238026372,
   0.04829159780560714,
   -0.42346541413213956
  ],
  [
   -0.08126840173290245,
   0.7033736793663182,
   0.7061592696088238,
   -6.382718736829801
  ],
  [
   0.013109684916873764,
   -0.7076871686235849,
   0.7064042805128761,
   2.494960650050158
  ]
 ],
 "templeR0043": [
  [
   -0.9893408288813252,
   -0.0840010269047736,
   -0.11894768508615759,
   1.0854270928710767
  ],
  [
   0.0614759789528821,
   -0.981419922157571,
   0.1817570917571358,
   -1.7047625511716908
  ],
  [
   -0.13200541019290463,
   0.17250728642921317,
   0.9761228446300354,
   -17.847986908833512
  ]
 ],
 "templeR0039": [
  [
   0.9952692466383477,
   0.07625570737303711,
   0.0602012773035067,
   -0.5292334637630227
  ],
  [
   -0.09416980985167911,
   0.6047433711176553,
   0.7908334224106569,
   -7.155775054549631
  ],
  [
   0.023899238658053077,
   -0.7927613273755801,
   0.6090634648452277,
   3.3703903819471113
  ]
 ],
 "templeR0042": [
  [
   -0.9775012394230393,
   -0.1575300801852856,
   -0.1402697428643805,
   1.2661841189553769
  ],
  [
   0.14036263247896683,
   -0.9821903970632955,
   0.12490138237914138,
   -1.191414899743058
  ],
  [
   -0.1574473192213714,
   0.10240262571566945,
   0.9822036672282083,
   -17.732725938932987
  ]
 ],
 "templeR0013": [
  [
   0.9765833492531489,
   0.13480335363044943,
   0.16766937052272288,
   -1.6756252261489741
  ],
  [
   -0.1189104210806576,
   0.9877026602924277,
   -0.10150747070872085,
   1.164956163657497
  ],
  [
   -0.17929103078493033,
   0.07919287026775276,
   0.9806034955979058,
   -17.855641406063402
  ]
 ],
 "templeR0014": [
  [
   0.9820606114607916,
   0.1318723193339681,
   0.13478370380255908,
   -1.3771912296900715
  ],
  [
   -0.12831170100933614,
   0.9911227902368727,
   -0.03480979829253181,
   0.5443988685146424
  ],
  [
   -0.1381776494276363,
   0.016891005492745713,
   0.9902634150225369,
   -18.139648332829783
  ]
 ],
 "templeR0015": [
  [
   0.9825338971774702,
   0.11527151211555957,
   0.1460808659333753,
   -1.4867762573820176
  ],
  [
   -0.12625201854267917,
   0.9896482486224142,
   0.0682405437587314,
   -0.42031686138702845
  ],
  [
   -0.13670248246155356,
   -0.08549165159932717,
   0.9869162116388949,
   -18.141270419441142
  ]
 ],
 "templeR0016": [
  [
   0.9854807471187518,
   0.10082201673176068,
   0.13661119280793696,
   -1.3986585504098639
  ],
  [
   -0.12412395181829229,
   0.9768025537891751,
   0.17449932806734755,
   -1.4169843960234232
  ],
  [
   -0.1158487878368911,
   -0.18892244930946164,
   0.9751345376426972,
   -18.035620892549623
  ]
 ],
 "templeR0017": [
  [
   0.9871687346347531,
   0.08846810527300425,
   0.1329333807176554,
   -1.3647991535656723
  ],
  [
   -0.12235500295799734,
   0.9539940908393149,
   0.2737234514885737,
   -2.3459017184435704
  ],
  [
   -0.10260186455795497,
   -0.28647629743675784,
   0.952577654785245,
   -17.85791220078069
  ]
 ],
 "templeR0018": [
  [
   0.9895630510883378,
   0.08405314248444007,
   0.11704715784345374,
   -1.2083911605057358
  ],
  [
   -0.12110875882103278,
   0.9252714579049761,
   0.3594515234676698,
   -3.142183695334341
  ],
  [
   -0.07808736426316917,
   -0.3698753822909688,
   0.9257940187307006,
   -17.6224183861318
  ]
 ],
 "templeR0019": [
  [
   -0.9834988186091239,
   -0.16762500995445892,
   0.06805828261295825,
   -0.660318733209096
  ],
  [
   0.11380050276840302,
   -0.8656482784860166,
   -0.4875474372036578,
   4.367489612945619
  ],
  [
   0.1406396791951562,
   -0.47175726172679466,
   0.8704398696313952,
   -0.5362678643531562
  ]
 ],
 "templeR0020": [
  [
   0.9791309412269893,
   0.006118086787240004,
   0.20313830004707142,
   -2.0853038510335953
  ],
  [
   -0.11271880884839408,
   0.8480646673233265,
   0.5177651882558104,
   -4.625973854873129
  ],
  [
   -0.169106682492885,
   -0.5298574233242744,
   0.8310559793927309,
   -16.646818032404678
  ]
 ],
 "templeR0021": [
  [
   0.9865155935548293,
   -0.0052302532383176545,
   0.16358370372450246,
   -1.703144345196758
  ],
  [
   -0.0967748685216229,
   0.7874061296345441,
   0.6087907783767507,
   -5.491454539783122
  ],
  [
   -0.13199094096105737,
   -0.6164123875012656,
   0.7762822682756603,
   -16.190454641900438
  ]
 ],
 "templeR0022": [
  [
   0.9913327711317744,
   -0.012597654463126065,
   0.130769400022424,
   -1.3849341215477766
  ],
  [
   -0.08138409888174201,
   0.722507035134785,
   0.6865567803393609,
   -6.229851291727407
  ],
  [
   -0.10313081658458784,
   -0.6912487853752585,
   0.7152196525458636,
   -15.699178469995264
  ]
 ],
 "templeR0023": [
  [
   0.9955883344468687,
   -0.009513578800950016,
   0.09334538088040573,
   -1.0233567283127543
  ],
  [
   -0.06523962575742512,
   0.6448240923069128,
   0.7615416477196747,
   -6.948686945092278
  ],
  [
   -0.06743633697303714,
   -0.7642717983799768,
   0.6413586817504655,
   -15.096814290844163
  ]
 ],
 "templeR0024": [
  [
   0.9464982276888234,
   0.2537772787100853,
   -0.19934442001826877,
   1.9457170424024346
  ],
  [
   -0.2986916388676008,
   0.922773639533177,
   -0.2434586516295549,
   3.0121885420656707
  ],
  [
   0.12216550189191308,
   0.2899756937972524,
   0.9492047656613926,
   -17.673449532421127
  ]
 ],
 "templeR0025": [
  [
   0.9459320656764455,
   0.24811634430527515,
   -0.2089277550103838,
   2.022081685551033
  ],
  [
   -0.3144470443905218,
   0.8595078515515328,
   -0.4029507530646065,
   4.5886683673506665
  ],
  [
   0.07959637805301216,
   0.4468607532664447,
   0.8910554886150399,
   -17.142567083679772
  ]
 ],
 "templeR0026": [
  [
   0.946852107029073,
   0.24692105476433926,
   -0.2061579009610626,
   1.996536148023457
  ],
  [
   -0.3207290932011658,
   0.7736662172443988,
   -0.5464187341856983,
   5.989989558946611
  ],
  [
   0.024575113203463034,
   0.5834985664153847,
   0.8117422539219133,
   -16.23909485941463
  ]
 ],
 "templeR0027": [
  [
   0.9485812938071054,
   0.24260526885971773,
   -0.20331308998867148,
   1.9697592389127676
  ],
  [
   -0.315210507586453,
   0.6653284051858303,
   -0.6767425279675943,
   7.244952355569037
  ],
  [
   -0.02891132903081725,
   0.7060317250480912,
   0.7075898093382126,
   -15.061893066768237
  ]
 ],
 "templeR0028": [
  [
   0.9537028416103902,
   0.21375178301693343,
   -0.21156810998198394,
   2.034497601785937
  ],
  [
   -0.29505471388757953,
   0.5287261558598223,
   -0.7958588869406521,
   8.371279180301885
  ],
  [
   -0.0582546626201339,
   0.8214370501546523,
   0.5673161084582719,
   -13.554350724963001
  ]
 ],
 "templeR0029": [
  [
   0.9651166353946345,
   0.15165534358022614,
   -0.21342571740093505,
   2.0283241147480386
  ],
  [
   -0.25358146166666273,
   0.33855407734089504,
   -0.9061333119441389,
   9.382940377574249
  ],
  [
   -0.06516381191688445,
   0.9286451386183093,
   0.36520115571701317,
   -11.212765590498812
  ]
 ],
 "templeR0001": [
  [
   0.9812161748192334,
   -0.08215229195783538,
   -0.1745446051849973,
   1.4806000286552852
  ],
  [
   -0.17045167642404144,
   0.05449795418884675,
   -0.9838578144190676,
   10.006283141501115
  ],
  [
   0.09033849831243537,
   0.9951286217948437,
   0.03947127825836368,
   -7.447136761906765
  ]
 ],
 "templeR0030": [
  [
   0.9807245232752523,
   -0.02397106465163383,
   -0.19391956452610998,
   1.7206989659468106
  ],
  [
   -0.1910238722199168,
   0.09113550578522153,
   -0.9773454864209384,
   9.957150187579558
  ],
  [
   0.041100969436715776,
   0.995549952360372,
   0.08479977987367132,
   -8.001340629364176
  ]
 ],
 "templeR0031": [
  [
   -0.8346233564381637,
   -0.4919567880578901,
   0.24775466004024638,
   -2.6277769133554716
  ],
  [
   0.07870642256060026,
   0.33866211870054064,
   0.9376104033152435,
   -9.26773161698912
  ],
  [
   -0.545168920551792,
   0.8020514248107944,
   -0.24393515536586485,
   10.556052421069625
  ]
 ],
 "templeR0002": [
  [
   -0.8304201464967493,
   -0.5104897988363103,
   0.22316483947159038,
   -2.3909462799959567
  ],
  [
   0.09629752815349424,
   0.26301244634154763,
   0.9599746033833194,
   -9.550187571602684
  ],
  [
   -0.5487523725359593,
   0.8186724731866204,
   -0.1692519284459053,
   9.757824929083782
  ]
 ],
 "templeR0003": [
  [
   -0.7871650770296184,
   -0.5839824858509176,
   0.19833203907674044,
   -2.1978723993288725
  ],
  [
   0.103806051413454,
   0.1915393201274771,
   0.9759800164629661,
   -9.766604007468322
  ],
  [
   -0.6079436200791174,
   0.7888454506837742,
   -0.090152147731549,
   8.678598606869718
  ]
 ],
 "templeR0004": [
  [
   -0.7491135115800305,
   -0.6419174026284187,
   0.16361844324837088,
   -1.8834452532999881
  ],
  [
   0.11124226640236334,
   0.12158618332968074,
   0.9863275106114535,
   -9.937823554224781
  ],
  [
   -0.6530345357895717,
   0.7570725514943109,
   -0.019673506042206856,
   7.73877427511774
  ]
 ],
 "templeR0005": [
  [
   -0.7475823524756002,
   -0.656563197687497,
   0.10022671155643215,
   -1.2572892632332267
  ],
  [
   0.1312018347752395,
   0.0019433807731664698,
   0.9913537722845367,
   -10.076895110340956
  ],
  [
   -0.6510811814348947,
   0.7542685136697269,
   0.08468945901233815,
   6.645491378662898
  ]
 ],
 "templeR0012": [
  [
   -0.9920219365685052,
   -0.10533536880931868,
   -0.06925992668691779,
   0.75865905036069
  ],
  [
   0.10775219173435355,
   -0.4233093334543556,
   -0.8995547083901413,
   7.966808326871089
  ],
  [
   0.06543655357149795,
   -0.899840912766381,
   0.43128226159726313,
   4.946553641270122
  ]
 ],
 "templeR0011": [
  [
   -0.9902222248519155,
   -0.11185151277409676,
   -0.08336176881201895,
   0.8854557254520298
  ],
  [
   0.11387362354257434,
   -0.3029458742224489,
   -0.9461800014547338,
   8.40058861465078
  ],
  [
   0.0805775605898223,
   -0.9464211728304383,
   0.3127206746405672,
   5.999313952331962
  ]
 ],
 "templeR0010": [
  [
   -0.9876342131660887,
   -0.12143299420390728,
   -0.09915991580510135,
   1.0308219076448002
  ],
  [
   0.11963276138314997,
   -0.17496432353157054,
   -0.9772796364884424,
   8.693971550744271
  ],
  [
   0.10132454484301061,
   -0.9770575793727889,
   0.18732811642287706,
   7.124147035810409
  ]
 ],
 "templeR0009": [
  [
   -0.9856216452226575,
   -0.12212530159490703,
   -0.1167706434808638,
   1.188574000872559
  ],
  [
   0.12259672500945618,
   -0.041306875565487955,
   -0.9915965838222585,
   8.834479746106215
  ],
  [
   0.11627560141980683,
   -0.9916547548120618,
   0.05568511267019138,
   8.306962181308796
  ]
 ],
 "templeR0008": [
  [
   -0.983308509828436,
   -0.12031774962624964,
   -0.13648448125649956,
   1.3659656690456874
  ],
  [
   0.1254687669963836,
   0.09484268216542946,
   -0.9875537727881328,
   8.806476166606016
  ],
  [
   0.13176480185310444,
   -0.9881945682731427,
   -0.07816349677483503,
   9.50382899265013
  ]
 ],
 "templeR0007": [
  [
   -0.980550824830853,
   -0.11869770248244618,
   -0.15630398379095342,
   1.5449797664316705
  ],
  [
   0.1260804692403857,
   0.22937678010042828,
   -0.9651373000909687,
   8.612556821520746
  ],
  [
   0.15041208461974756,
   -0.9660730552997268,
   -0.2099501288977773,
   10.691718646898691
  ]
 ],
 "templeR0006": [
  [
   -0.9805995972907344,
   -0.10324369227892002,
   -0.1666288384340027,
   1.6338790497005526
  ],
  [
   0.12006140760311707,
   0.3556106028619468,
   -0.9268906934134795,
   8.277001321530333
  ],
  [
   0.15495059921667773,
   -0.9289143335834464,
   -0.3363160309375901,
   11.783652365865132
  ]
 ],
 "templeR0040": [
  [
   0.9819651894987409,
   0.088745633613498,
   0.16693884846626098,
   -1.4941215364910332
  ],
  [
   -0.11707810328688072,
   -0.40787147295513443,
   0.9055018383637636,
   -8.271980491871723
  ],
  [
   0.14844892840114735,
   -0.9087161680436571,
   -0.39012541777305826,
   12.306085049039067
  ]
 ],
 "templeR0041": [
  [
   0.9826270703621243,
   0.07331695056748563,
   0.17049535287225207,
   -1.5242291069637253
  ],
  [
   -0.10643975702782771,
   -0.5299315983304025,
   0.8413341067702188,
   -7.700399969764919
  ],
  [
   0.15203492597231036,
   -0.844865152465451,
   -0.5129212955552969,
   13.406959465155282
  ]
 ]
}